155
944
622
31
264
111
532
254
528
789
791
542
198
846
495
558
62
587
474
302
618
786
818
642
505
58
832
405
647
262
51
490
964
690
951
346
984
111
566
43
190
436
702
152
198
425
322
186
53
36
290
816
588
192
169
87
146
535
776
179
831
374
795
579
716
536
400
167
733
399
658
260
281
211
790
871
684
78
462
319
478
326
93
599
369
719
374
376
800
321
925
889
947
285
852
909
339
603
657
587
772
960
345
93
966
676
926
17
284
399
662
531
479
465
534
521
614
17
419
895
198
734
2
79
589
509
511
301
707
370
321
877
889
353
344
955
694
958
717
197
428
468
855
682
973
987
504
352
10
670
150
462
306
374
555
42
688
22
429
270
982
5
811
705
402
804
295
406
370
150
268
324
272
793
644
503
98
19
867
87
303
142
505
432
396
760
138
593
689
503
34
406
456
39
707
563
883
837
449
230
891
169
310
404
420
488
544
77
404
424
476
137
961
722
624
130
553
287
350
533
531
91
72
359
835
141
690
326
766
658
127
780
335
613
539
101
96
959
950
207
832
364
772
919
221
512
246
798
426
138
206
349
999
367
574
484
583
280
202
788
971
557
488
788
659
404
139
448
196
211
521
324
391
27
588
987
961
214
724
685
447
532
25
85
810
75
173
241
742
679
540
871
776
384
457
470
467
114
775
43
52
898
412
914
825
259
997
514
278
441
40
69
809
144
89
578
295
519
875
676
473
147
42
465
859
421
346
502
281
78
457
825
962
205
361
348
837
842
750
175
218
833
925
137
399
26
560
538
42
636
693
238
479
539
619
109
283
679
458
802
848
471
986
447
633
39
137
530
220
141
542
544
219
502
351
993
663
598
239
568
532
15
231
840
43
277
64
55
573
847
865
848
134
698
261
591
695
809
925
714
571
804
78
156
363
355
957
409
678
364
10
605
491
192
963
447
964
169
218
344
46
488
824
524
568
691
345
10
399
564
16
772
155
265
161
546
414
481
671
593
726
815
668
718
483
469
968
887
591
637
579
298
806
81
120
51
813
236
52
919
667
963
682
188
816
251
846
590
291
980
143
284
167
338
116
258
926
150
821
316
594
389
623
390
40
559
827
830
828
779
392
500
993
220
307
294
535
89
105
915
363
166
337
378
736
939
639
444
565
886
971
638
668
95
742
674
632
938
78
290
283
110
689
937
838
167
487
991
880
493
350
389
676
88
442
472
810
189
337
447
76
728
911
627
282
139
795
623
925
829
769
816
604
805
325
597
192
851
859
841
712
468
2
585
388
991
892
443
513
524
752
14
19
788
286
424
301
631
164
900
277
155
471
124
115
844
693
152
469
786
822
11
606
796
956
850
124
114
163
357
824
761
881
199
943
278
965
943
329
623
210
792
801
11
202
795
68
280
814
182
971
303
47
704
350
444
288
407
552
558
80
913
190
264
321
688
435
852
510
217
82
806
316
639
943
806
235
210
700
452
538
997
726
868
246
964
466
795
891
862
114
945
974
854
201
624
42
743
182
483
399
220
927
819
252
184
499
619
462
379
869
120
586
581
297
950
35
855
528
618
901
388
619
4
25
636
408
904
20
145
15
218
175
611
597
538
18
347
157
566
659
668
462
59
762
2
808
587
819
703
152
878
652
44
919
209
848
122
504
951
688
671
431
817
611
268
821
59
639
548
240
900
975
634
817
100
86
404
691
387
661
256
675
746
192
669
577
307
954
445
727
339
474
385
921
857
251
515
97
504
923
94
150
894
80
316
876
573
199
838
460
236
74
653
659
752
147
803
671
133
898
985
841
826
988
349
805
735
410
77
506
622
332
964
934
972
903
743
252
548
640
985
756
172
855
608
471
407
729
910
887
199
558
641
142
225
685
729
158
837
549
615
82
844
509
88
447
374
908
758
573
374
940
231
98
775
64
829
587
691
59
50
135
324
51
432
737
186
175
167
426
18
293
105
184
727
277
682
779
728
521
446
360
227
385
186
85
438
248
466
696
862
503
344
164
550
65
233
640
277
23
123
577
406
767
736
404
20
785
37
442
89
757
22
27
706
307
877
510
834
354
864
316
355
916
572
815
247
540
742
295
741
875
608
309
705
590
187
278
44
858
95
745
894
888
260
296
843
718
878
366
96
170
797
312
890
149
765
581
947
57
44
149
759
940
792
151
201
858
881
210
627
921
392
633
253
817
942
450
14
920
16
969
567
889
583
85
106
239
562
127
681
537
260
512
376
393
140
513
713
224
906
823
65
29
48
61
560
836
996
151
545
29
716
199
769
488
13
106
509
420
33
487
357
106
133
70
626
908
81
142
470
685
382
915
139
134
487
894
919
253
931
185
822
312
95
522
985
592
831
169
365
678
98
559
485
710
363
915
914
583
72
92
365
353
694
312
59
570
405
188
582
515
586
571
80
852
38
608
506
362
811
642
606
766
623
262
239
156
617
528819
